2022 19.8785043953627
2021 19.0074297921354
2020 18.1592334111214
2019 17.2443218570896
2018 16.369816309205
2017 15.4940072942402
2016 14.68739962838
2015 13.9899205925489
2014 13.3783171134454
2013 12.881930702859
2012 12.4569753842075
2011 12.1023026584543
2010 11.8150027950387
2009 11.5856713823508
2008 11.3944404914899
2007 11.2196764357477
2006 11.0362066622772
2005 10.8798334711327
2004 10.768450509386
2003 10.6415538432343
2002 10.4845084411054
2001 10.3061465786303
2000 10.096406056056
1999 9.86824380434489
1998 9.61491135007588
1997 9.38308912077861
1996 9.198011197999
1995 8.99594017934668
1994 8.78393058120569
1993 8.57079604482487
1992 8.35948219766046
1991 8.19611259933312
1990 8.0461130673414
1989 7.88236872846994
1988 7.75121585260442
1987 7.66462864923262
1986 7.59752432614599
1985 7.54072202175434
1984 7.50102928594207
1983 7.48846676182667
1982 7.46351649431843
1981 7.41647069001133
1980 7.37924230015517
1979 7.33318524114266
1978 7.3039554091028
1977 7.29494329092292
1976 7.2246578820614
1975 7.09805446155274
1974 6.95604583854609
1973 6.83482919991518
