2020 14687743556969.6
2019 14279968485748
2018 13894907485398.9
2017 12310491176727.3
2016 11233314018690.1
2015 11061573199439.7
2014 10475624783235.6
2013 9570470577244.86
2012 8532185615746.62
2011 7551545321799.88
2010 6087191720866.69
2009 5101691085625.95
2008 4594336785737.67
2007 3550327569655.47
2006 2752118542130.4
2005 2285961242869.55
2004 1955346808095.44
2003 1660280610709.71
2002 1470557565965.51
2001 1339400843164.88
2000 1211331627479
1999 1094010482677.39
1998 1029060706187.88
1997 961602019650.615
1996 863749314718.538
1995 734484863889.36
1994 564321876346.387
1993 444731282435.515
1992 426915712715.856
1991 383373318083.624
1990 360857912565.966
1989 347768051311.741
1988 312353631207.819
1987 272972974764.574
1986 300758100107.246
1985 309488028132.653
1984 259946510957.143
1983 230686747153.257
1982 205089699858.779
1981 195866382432.54
1980 191149211575
1979 178280594413.043
1978 149540752829.268
1977 174935897086.309
1976 153939238114.518
1975 163429496442.805
1974 144188964286.502
1973 138543203562.724
1972 113689285303.377
1971 99800597892.565
