4082469490797.68
4278503934689.85
3887727161914.41
3889177589254.9
3974443355019.6
3690849152517.65
3469853463945.53
3357585719351.56
3889093051023.52
3733804649549.03
3527143188785.16
3749314991050.59
3399667820000.01
3411261212652.34
3745264093617.19
3425578382921.58
2994703642023.53
2846864211175.1
2814353869359.08
2501640388482.35
2078484517474.51
1945790973803.15
1947981991011.77
2194945278872.59
2238990774702.68
2211989623279.95
2497244606186.64
2585792275146.72
2205074123177.05
2071323790370.28
2131571696931.75
1868945197407.19
1771671206875.68
1398967436804.33
1401233225303.49
1298176105549.51
1046259374943.71
732534887058.198
725111123634.115
770684323247.798
776576439106.956
800472055387.278
950290856466.538
881345176608.686
740469983446.933
600498238019.035
519754453161.411
490636517211.225
445303484241.554
398374021953.897
