2022 35.2250808583422
2021 34.6646273473688
2020 34.1663397851055
2019 33.6222315160367
2018 33.0861490130039
2017 32.6359381770127
2016 32.2223137582762
2015 31.8179326002154
2014 31.4087744529553
2013 31.0869382982443
2012 30.9103040829069
2011 30.8672685451186
2010 31.0160145109991
2009 30.9709033631877
2008 30.5957546371394
2007 30.1801634014357
2006 29.5108453838718
2005 28.5159276360723
2004 27.4422760070574
2003 26.4698795009241
2002 25.6582965181938
2001 24.9044835258968
2000 24.1793675308797
1999 23.5549279654614
1998 23.2031138831843
1997 23.0509292037539
1996 22.8915724909979
1995 22.6645828610062
1994 22.3892852006894
1993 22.1219777981047
1992 21.8999207250212
1991 21.7449374959199
1990 21.6066454331588
1989 21.5083460378239
1988 21.4511074553975
1987 21.3484909674953
1986 21.1789484990363
1985 20.9785278530084
1984 20.9918302787384
1983 21.5078237156722
1982 22.3400492973106
1981 23.1745986123914
1980 23.7892704913649
1979 23.9808451735845
1978 23.9018622608458
1977 23.718590013788
1976 23.5364000381139
1975 23.388595125477
1974 23.133762756702
1973 22.7923771446927
