2022 94516642771.1565
2021 461366584617.517
2020 214650142683.51
2019 502886494955.91
2018 -76787459543.985
2017 529598946720.967
2016 722626856235.539
2015 817291317821.227
2014 432595731409.368
2013 617106816507.813
2012 565178435825.285
2011 877745479520.752
2010 539582758001.155
2009 478991025004.119
2008 828460948198.919
2007 1477512334051.62
2006 911860089994.704
2005 731279014292.916
2004 313836058138.357
2003 293507610674.615
2002 295343566624.833
2001 366252770235.309
2000 633986714307.46
1999 452579930441.802
1998 220144082121.518
1997 116730539995.498
1996 109980233226.671
1995 110526695018.416
1994 72276352124.9392
1993 69609296374.5499
1992 63652598273.8206
1991 64773304816.9858
1990 64506841223.2225
1989 48464549239.6589
1988 36143075340.1259
1987 23850125597.7168
1986 14482696247.5257
1985 10479696702.4972
1984 9617570868.50591
1983 9639295532.57701
1982 8777233645.86529
1981 9811504829.69492
1980 10849499996.7238
1979 10674298739.7985
1978 9556880496.67247
1977 7411236947.02411
1976 4895513546.8622
1975 6594486584.5167
1974 8012974185.66077
1973 6849955524.37092
