2020 15370461303996.4
2019 15692624900173
2018 15979881686055.6
2017 14764668937681.1
2016 13889039447069.8
2015 13553055207692
2014 15650588620202
2013 15294848407438.2
2012 14641967048097.1
2011 15764817006877
2010 14555972617838.3
2009 14762588819490.1
2008 16295205228567.3
2007 14727376164775.5
2006 12712564874685.1
2005 11910059838304
2004 11418921613749.3
2003 9932175155886
2002 8083741282668.47
2001 7393878987404.84
2000 7276637983680.52
1999 7925875793536.15
1998 7969828858391.96
1997 7733774323755.39
1996 8431357595824.37
1995 8295833072767.38
1994 7161927357609.8
1993 6761163265087.01
1992 7406344155354.12
1991 6735921579249.33
1990 6497762738132.14
1989 5193046311962.75
1988 5083942710178.23
1987 4630938021004.68
1986 3743790927546.53
1985 2677480780323.4
1984 2603220657105.87
1983 2701887926641.8
1982 2777189622000.29
1981 2879789914532.56
1980 3302960284315.51
1979 2952641158090.9
1978 2442532706245.08
1977 2004764968389.22
1976 1769935314570.55
1975 1690761678269.72
1974 1451652145420.38
1973 1281934388219.46
1972 990362028045.836
1971 820757717773.022
