2020 1.57553290083409
2019 1.8492298451109
2018 1.95984076293803
2017 3.13106248590119
2016 1.12231397417765
2015 1.39235822000187
2014 2.08244793880151
2013 7.69426362896666
2012 7.33038589596636
2011 11.1373976342129
2010 6.14255360247246
2009 8.1169509223808
2008 12.410986775178
2007 6.3917064439141
2006 11.7240229980834
2005 16.1199806482826
2004 11.0263627183464
2003 9.87617889729578
2002 19.4908321579689
2001 95.0052258100007
2000 71.1206287946541
1999 42.4539054642972
1998 30.1596997992844
1997 23.307866135801
1996 95.6009261208171
1995 82.6605151864663
1994 null
1993 null
1992 null
1991 null
1990 null
1989 null
1988 null
1987 null
1986 null
1985 null
1984 null
1983 null
1982 null
1981 null
1980 null
1979 null
1978 null
1977 null
1976 null
1975 null
1974 null
1973 null
1972 null
1971 null
