2022 32.580221950452
2021 32.3315155942191
2020 32.1951888126825
2019 32.0600520451891
2018 31.8570930726772
2017 31.6331751554343
2016 31.3883692505732
2015 31.0695267217823
2014 30.6182363948674
2013 30.0484079036857
2012 29.4219654313429
2011 28.7504977650065
2010 28.0594563510632
2009 27.4042836967171
2008 26.8566588979221
2007 26.4982310230782
2006 26.3573167344946
2005 26.375788607789
2004 26.3972812246096
2003 26.421312193607
2002 26.5297786903489
2001 26.6783306081079
2000 26.8462867799129
1999 27.0523415880924
1998 27.2632302007019
1997 27.4197087459173
1996 27.5310792859223
1995 27.6194288973376
1994 27.6736108378297
1993 27.7118846917252
1992 27.7436354801873
1991 27.7443659646928
1990 27.6953404229681
1989 27.5932091957923
1988 27.4630484132849
1987 27.2948653245579
1986 27.0028477921189
1985 26.5411279189972
1984 26.1689587135032
1983 25.9785505857354
1982 25.7856544020283
1981 25.5997200418516
1980 25.4154542387905
1979 25.158932285731
1978 24.8025277357611
1977 24.3572699025777
1976 23.8932669209648
1975 23.4304761072471
1974 22.9089749827635
1973 22.3782156769279
