2020 547054174235.876
2019 533879529188.454
2018 555455371487.089
2017 541018749769.097
2016 515654671469.547
2015 505103781349.757
2014 581964017237.095
2013 586841821796.891
2012 552483727282.802
2011 574094112972.733
2010 495812558843.31
2009 436535921119.119
2008 517706214656.407
2007 491254769728.812
2006 423090618042.966
2005 392218701192.925
2004 385118743610.143
2003 334337040046.622
2002 266848422377.999
2001 242395011586.562
2000 262834187366.578
1999 274071242574.57
1998 270810151170.431
1997 268146349551.014
1996 291745732990.835
1995 267307061910.144
1994 229034457106.495
1993 212952606992.293
1992 284319488252.297
1991 274230545848.399
1990 261846636897.068
1989 217949132622.507
1988 206988363594.82
1987 183008435689.943
1986 150498409835.874
1985 114123205983.088
1984 109201362589.001
1983 105014242541.029
1982 114380406033.224
1981 129685871065.238
1980 142092908186.305
1979 123386889872.303
1978 104442929108.702
1977 94467862578.884
1976 89362242653.5773
1975 82885563989.1909
1974 66012967234.7236
1973 59404966684.2214
1972 48953974498.0218
1971 41566370370.1516
