2020 53356484763.839
2019 51514242775.5241
2018 50640662859.4987
2017 44179075778.9267
2016 40692661657.284
2015 39655949731.3816
2014 47062202241.4378
2013 48394239474.6762
2012 43309252921.0567
2011 49258136128.9672
2010 41819468691.8251
2009 45162894380.9318
2008 52194221468.5007
2007 43170990616.4729
2006 32482070360.3204
2005 27683225959.2468
2004 26141968161.0924
2003 22482365321.7656
2002 17120906918.3503
2001 12960546471.3782
2000 6875845986.52121
1999 19388663551.0012
1998 19457979423.376
1997 25676487999.5941
1996 21818007448.7896
1995 16832598870.0565
1994 null
1993 null
1992 null
1991 null
1990 null
1989 null
1988 null
1987 null
1986 null
1985 null
1984 null
1983 null
1982 null
1981 null
1980 null
1979 null
1978 null
1977 null
1976 null
1975 null
1974 null
1973 null
1972 null
1971 null
