1.97357555739051
0.981015135544882
2.41942189457782
2.89923416358227
2.07479039965576
1.59313600071436
2.00000182191943
1.43702380935655
1.92164162788521
2.62105001748115
2.61952432645541
5.55389892257493
3.17532475269199
-0.728165250932898
5.92525137041092
4.81676767378834
1.6494309945586
1.77641407667571
3.82463743108159
1.12760348729637
-0.731970902350244
0.719125609120114
0.347811226864587
-1.40147268276465
-0.773186011549318
2.78646505531882
8.31316028893909
16.7912251650916
24.2569897243361
14.6100786356602
6.35398134024869
3.55668565220452
3.05229012075233
18.2456383621648
18.8118179448753
7.23383553065609
null
null
null
null
null
null
null
null
null
null
null
null
null
null
