2022 26.3864989956555
2021 25.629056934291
2020 24.8576386985249
2019 24.1198200811779
2018 23.4394842925266
2017 22.8700619407421
2016 22.1791970006815
2015 21.5860419772798
2014 21.2753487246214
2013 20.8662551736736
2012 20.3441057348675
2011 19.8104155083314
2010 19.4146351239545
2009 19.1493047246615
2008 18.8572873201025
2007 18.6053319261046
2006 18.4966660933602
2005 18.4400461890523
2004 18.3982797829746
2003 18.3995136642133
2002 18.4572281245689
2001 18.5145589356825
2000 18.5906938495146
1999 18.7598150298028
1998 18.8956615325535
1997 19.0073819679811
1996 19.0940260266574
1995 19.1057036620804
1994 19.0144698267264
1993 18.9112477757678
1992 18.8369994039504
1991 18.6801781928746
1990 18.5681451397358
1989 18.5192038742443
1988 18.2745634536756
1987 17.995093908333
1986 17.8678039843743
1985 17.7198061839134
1984 17.504439457033
1983 17.3502371484248
1982 17.2713035417153
1981 17.143006690375
1980 17.0245881421144
1979 16.93193770594
1978 16.8084893729941
1977 16.6366663331236
1976 16.4161990318981
1975 16.2095044976729
1974 16.0571278066669
1973 15.940915810033
